  1	H 	Hydrogen     	  1.0079	4.997320264917e-01	4.500e0	-1.0
  2	He	Helium       	  4.0026	9.035703632899e-01	1.383e0	-1.7
  3	Li	Lithium      	  6.9410	1.981413377482e-01	1.642e2	 0.0
  4	Be	Beryllium    	  9.0122	3.426029358876e-01	3.779e1	 0.0
  5	B 	Boron        	 10.8110	3.049459021523e-01	2.045e1	 0.0
  6	C 	Carbon       	 12.0107	4.138084287787e-01	1.188e1	 0.0
  7	N 	Nitrogen     	 14.0067	5.341183702665e-01	7.423e0	 0.0
  8	O 	Oxygen       	 15.9994	5.004559882020e-01	5.412e0	 0.0
  9	F 	Fluorine     	 18.9984	6.402761465436e-01	3.759e0	 0.0
 10	Ne	Neon         	 20.1797	7.924808275444e-01	2.670e0	 0.0
 11	Na	Sodium       	 22.9897	1.888584581527e-01	1.627e2	 0.0
 12	Mg	Magnesium    	 24.3050	2.809926918579e-01	7.156e1	 0.0
 13	Al	Aluminum     	 26.9815	2.199741119671e-01	4.589e1	 0.0
 14	Si	Silicon      	 28.0855	2.995694758466e-01	3.630e1	 0.0
 15	P 	Phosphorus   	 30.9738	3.853791506508e-01	2.450e1	 0.0
 16	S 	Sulfur       	 32.0650	3.807230111229e-01	1.957e1	 0.0
 17	Cl	Chlorine     	 35.4530	4.765505520306e-01	1.471e1	 0.0
 18	Ar	Argon        	 39.9480	5.791546685417e-01	1.107e1	 0.0
 19	K 	Potassium    	 39.0983	1.595177967549e-01	2.929e2	 0.0
 20	Ca	Calcium      	 40.0780	2.246559760228e-01	1.539e2	 0.0
 21	Sc	Scandium     	 44.9559	2.411306985987e-01	1.201e2	 0.0
 22	Ti	Titanium     	 47.8670	2.509280687498e-01	9.853e1	 0.0
 23	V 	Vanadium     	 50.9415	2.479182989997e-01	8.368e1	 0.0
 24	Cr	Chromium     	 51.9961	2.486643103053e-01	7.828e1	 0.0
 25	Mn	Manganese    	 54.9380	2.731944850085e-01	6.343e1	 0.0
 26	Fe	Iron         	 55.8450	2.904078690249e-01	5.669e1	 0.0
 27	Co	Cobalt       	 58.9332	2.896214334613e-01	5.061e1	 0.0
 28	Ni	Nickel       	 58.6934	2.807574961754e-01	4.589e1	 0.0
 29	Cu	Copper       	 63.5460	2.839399877548e-01	4.184e1	 0.0
 30	Zn	Zinc         	 65.3900	3.452305126535e-01	3.880e1	 0.0
 31	Ga	Gallium      	 69.7230	2.204702278600e-01	5.480e1	 0.0
 32	Ge	Germanium    	 72.6400	2.902976210487e-01	4.096e1	 0.0
 33	As	Arsenic      	 74.9216	3.597244465905e-01	2.909e1	 0.0
 34	Se	Selenium     	 78.9600	3.583941210111e-01	2.544e1	 0.0
 35	Br	Bromine      	 79.9040	4.341491803864e-01	2.058e1	 0.0
 36	Kr	Krypton      	 83.8000	5.144758558413e-01	1.677e1	 0.0
 37	Rb	Rubidium     	 85.4678	1.535056071198e-01	3.192e2	 0.0
 38	Sr	Strontium    	 87.6200	2.092837332089e-01	1.863e2	 0.0
 39	Y 	Yttrium      	 88.9059	2.284815807968e-01	1.532e2	 0.0
 40	Zr	Zirconium    	 91.2240	2.437913497575e-01	1.208e2	 0.0
 41	Nb	Niobium      	 92.9064	2.483850154323e-01	1.059e2	 0.0
 42	Mo	Molybdenum   	 95.9400	2.606409154525e-01	8.638e1	 0.0
 43	Tc	Technetium   	 98.0000	2.675350888972e-01	7.693e1	 0.0
 44	Ru	Ruthenium    	101.0700	2.704934095917e-01	6.478e1	 0.0
 45	Rh	Rhodium      	102.9060	2.741095432109e-01	5.804e1	 0.0
 46	Pd	Palladium    	106.4200	3.063754509103e-01	3.239e1	 0.0
 47	Ag	Silver       	107.8680	2.784202390800e-01	4.859e1	 0.0
 48	Cd	Cadmium      	112.4110	3.305160827642e-01	4.967e1	 0.0
 49	In	Indium       	114.8180	2.126462964828e-01	6.883e1	 0.0
 50	Sn	Tin          	118.7100	2.698833707901e-01	5.196e1	 0.0
 51	Sb	Antimony     	121.7600	3.163528927558e-01	4.454e1	 0.0
 52	Te	Tellurium    	127.6000	3.310967221055e-01	3.712e1	 0.0
 53	I 	Iodine       	126.9050	3.840782245317e-01	3.610e1	 0.0
 54	Xe	Xenon        	131.2930	4.457619672122e-01	2.716e1	 0.0
 55	Cs	Cesium       	132.9060	1.430981981671e-01	4.010e2	 0.0
 56	Ba	Barium       	137.3270	1.915264591766e-01	2.679e2	 0.0
 57	La	Lanthanum    	138.9060	2.049473128119e-01	2.099e2	 0.0
 58	Ce	Cerium       	140.1160	2.035434885817e-01	1.998e2	 0.0
 59	Pr	Praseodymium 	140.9080	2.011290579030e-01	1.903e2	 0.0
 60	Nd	Neodymium    	144.2400	2.030400228237e-01	2.119e2	 0.0
 61	Pm	Promethium   	145.0000	2.051347343714e-01	2.031e2	 0.0
 62	Sm	Samarium     	150.3600	2.074021677485e-01	1.944e2	 0.0
 63	Eu	Europium     	151.9640	2.083833747366e-01	1.869e2	 0.0
 64	Gd	Gadolinium   	157.2500	2.260120261300e-01	1.586e2	 0.0
 65	Tb	Terbium      	158.9250	2.154906942686e-01	1.721e2	 0.0
 66	Dy	Dysprosium   	162.5000	2.182505686060e-01	1.653e2	 0.0
 67	Ho	Holmium      	164.9300	2.212860628838e-01	1.593e2	 0.0
 68	Er	Erbium       	167.2590	2.244538547331e-01	1.532e2	 0.0
 69	Tm	Thulium      	168.9340	2.272688530586e-01	1.471e2	 0.0
 70	Yb	Ytterbium    	173.0400	2.298376309039e-01	1.417e2	 0.0
 71	Lu	Lutetium     	174.9670	1.993981646768e-01	1.478e2	 0.0
 72	Hf	Hafnium      	178.4900	2.508178207736e-01	1.093e2	 0.0
 73	Ta	Tantalum     	180.9480	2.774427070245e-01	8.840e1	 0.0
 74	W 	Tungsten     	183.8400	2.889966949296e-01	7.491e1	 0.0
 75	Re	Rhenium      	186.2070	2.878758405049e-01	6.546e1	 0.0
 76	Os	Osmium       	190.2300	3.100981575731e-01	5.736e1	 0.0
 77	Ir	Iridium      	192.2170	3.295312008435e-01	5.129e1	 0.0
 78	Pt	Platinum     	195.0780	3.292261814427e-01	4.386e1	 0.0
 79	Au	Gold         	196.9670	3.390309014589e-01	3.914e1	 0.0
 80	Hg	Mercury      	200.5900	3.835710838412e-01	3.388e1	 0.0
 81	Tl	Thallium     	204.3830	2.244722293958e-01	5.129e1	 0.0
 82	Pb	Lead         	207.2000	2.725587216791e-01	4.589e1	 0.0
 83	Bi	Bismuth      	208.9800	2.677408851194e-01	4.994e1	 0.0
 84	Po	Polonium     	209.0000	3.093190718746e-01	4.589e1	 0.0
 85	At	Astatine     	210.0000	3.417687262010e-01	4.049e1	 0.0
 86	Rn	Radon        	222.0000	3.950001240400e-01	3.577e1	 0.0
 87	Fr	Francium     	223.0000	1.496689775483e-01	3.280e2	 0.0
 88	Ra	Radium       	226.0000	1.939776391806e-01	2.585e2	 0.0
 89	Ac	Actinium     	227.0000	1.899940123075e-01	2.166e2	 0.0
 90	Th	Thorium      	232.0380	2.317669704873e-01	2.166e2	 0.0
 91	Pa	Protactinium 	231.0360	2.164535265940e-01	1.714e2	 0.0
 92	U 	Uranium      	238.0290	2.276289964475e-01	1.680e2	 0.0
 93	Np	Neptunium    	237.0000	2.302602481460e-01	1.674e2	 0.0
 94	Pu	Plutonium    	244.0000	2.214587847132e-01	1.653e2	 0.0
 95	Am	Americium    	243.0000	2.195331200623e-01	1.572e2	 0.0
 96	Cm	Curium       	247.0000	2.201835831219e-01	1.552e2	 0.0
 97	Bk	Berkelium    	247.0000	2.277686438840e-01	1.532e2	 0.0
 98	Cf	Californium  	251.0000	2.308482373524e-01	1.383e2	 0.0
 99	Es	Einsteinium  	252.0000	2.359306690549e-01	1.329e2	 0.0
100	Fm	Fermium      	257.0000	2.388706150868e-01	1.606e2	 0.0
101	Md	Mendelevium  	258.0000	2.418105611186e-01	1.228e2	 0.0
102	No	Nobelium     	259.0000	2.443830138964e-01	1.181e2	 0.0
103	Lr	Lawrencium   	262.0000	1.800716944500e-01	0.000	 0.0
104	Rf	Rutherfordium	261.0000	1.469973015918e-01	0.000	 0.0
105	Db	Dubnium      	262.0000	1.837466269898e-01	0.000	 0.0
106	Sg	Seaborgium   	266.0000	2.204959523878e-01	0.000	 0.0
107	Bh	Bohrium      	264.0000	2.572452777857e-01	0.000	 0.0
108	Hs	Hassium      	277.0000	2.939946031837e-01	0.000	 0.0
109	Mt	Meitnerium   	268.0000	3.307439285817e-01	0.000	 0.0
